  Sent.                        Matched  Bracket   Cross        Correct Tag
 ID  Len.  Stat. Recal  Prec.  Bracket gold test Bracket Words  Tags Accracy
============================================================================
   1  107    0   54.95  55.96    61    111  109      0    107   107   100.00
   2   59    0   42.37  40.98    25     59   61      0     59    59   100.00
   3  154    0   36.11  33.33    52    144  156      0    154   154   100.00
   4   94    0   30.59  27.08    26     85   96      0     94    94   100.00
   5   94    0   38.20  35.42    34     89   96      0     94    94   100.00
   6  196    0    7.35   5.05    10    136  198      0    196   196   100.00
   7   32    0   27.59  23.53     8     29   34      0     32    32   100.00
   8   73    0   11.48   9.33     7     61   75      0     73    73   100.00
   9   76    0    6.56   5.13     4     61   78      0     76    76   100.00
  10   64    0   53.12  51.52    34     64   66      0     64    64   100.00
  11   70    0   51.43  50.00    36     70   72      0     70    70   100.00
  12   64    0   53.73  54.55    36     67   66      0     64    64   100.00
  13   79    0    9.09   6.17     5     55   81      0     79    79   100.00
  14   51    0   27.66  24.53    13     47   53      0     51    51   100.00
  15   76    0    7.41   5.13     4     54   78      0     76    76   100.00
  16  104    0    2.86   1.89     2     70  106      0    104   104   100.00
  17   90    0    6.35   4.35     4     63   92      0     90    90   100.00
  18   60    0    4.17   3.23     2     48   62      0     60    60   100.00
  19   91    0    1.59   1.08     1     63   93      0     91    91   100.00
  20   64    0   49.23  48.48    32     65   66      0     64    64   100.00
  21   83    0   14.29  10.59     9     63   85      0     83    83   100.00
  22   61    0   44.26  42.86    27     61   63      0     61    61   100.00
  23   93    0    4.62   3.16     3     65   95      0     93    93   100.00
  24   98    0    5.88   4.00     4     68  100      0     98    98   100.00
  25   89    0    1.64   1.10     1     61   91      0     89    89   100.00
  26   95    0    1.37   1.03     1     73   97      0     95    95   100.00
  27  104    0    2.56   1.89     2     78  106      0    104   104   100.00
  28   95    0   11.84   9.28     9     76   97      0     95    95   100.00
  29   64    0    7.84   6.06     4     51   66      0     64    64   100.00
  30   88    0    3.23   2.22     2     62   90      0     88    88   100.00
  31   48    0   52.00  52.00    26     50   50      0     48    48   100.00
  32   81    0    5.08   3.61     3     59   83      0     81    81   100.00
  33   64    0   41.94  39.39    26     62   66      0     64    64   100.00
  34   72    0    7.14   5.41     4     56   74      0     72    72   100.00
  35   59    0   30.91  27.87    17     55   61      0     59    59   100.00
  36   95    0    7.58   5.15     5     66   97      0     95    95   100.00
  37   91    0    1.59   1.08     1     63   93      0     91    91   100.00
  38   91    0    4.69   3.23     3     64   93      0     91    91   100.00
  39   48    0   27.91  24.00    12     43   50      0     48    48   100.00
  40   49    0   17.07  13.73     7     41   51      0     49    49   100.00
  41   52    0   25.53  22.22    12     47   54      0     52    52   100.00
  42   64    0    4.00   3.03     2     50   66      0     64    64   100.00
  43   64    0    4.00   3.03     2     50   66      0     64    64   100.00
  44   56    0    4.76   3.45     2     42   58      0     56    56   100.00
  45   48    0   23.81  20.00    10     42   50      0     48    48   100.00
  46   60    0    8.51   6.45     4     47   62      0     60    60   100.00
  47   54    0    4.88   3.57     2     41   56      0     54    54   100.00
  48   61    0   24.07  20.63    13     54   63      0     61    61   100.00
  49   18    0   41.67  50.00    10     24   20      0     18    18   100.00
  50   80    0   20.00  17.07    14     70   82      0     80    80   100.00
  51   82    0   